[array([-0.21292852,  0.06624945,  0.06861334, -0.04148635, -0.0393573 ,
       -0.10394433,  0.00640923, -0.15600394,  0.15126193, -0.02931822,
        0.23810348,  0.00440191, -0.17805947, -0.1954807 ,  0.00729204,
        0.14160775, -0.16896081, -0.13466297, -0.08014542, -0.07945106,
        0.11196328,  0.01604889,  0.14787586,  0.12331983, -0.21643251,
       -0.35173634, -0.0410332 , -0.16320749,  0.03671994, -0.01555381,
        0.01995126,  0.03656484, -0.20678852, -0.03840069,  0.00653395,
        0.11633456,  0.01220914, -0.02904532,  0.22298418, -0.00199957,
       -0.18830286, -0.03600293,  0.00449897,  0.3005794 ,  0.15584567,
        0.00923244,  0.08221184, -0.04977417,  0.11527728, -0.19260497,
        0.0339555 ,  0.15320182,  0.03636472, -0.04084736,  0.1703269 ,
       -0.09932956,  0.06706912,  0.11004289, -0.2548106 ,  0.0436423 ,
        0.02738493, -0.02949298,  0.01023451, -0.06476367,  0.2273415 ,
        0.08755497, -0.10989545, -0.04361394,  0.1560249 , -0.10175743,
       -0.01087942,  0.06237653, -0.16591087, -0.19560969, -0.33014625,
        0.01097696,  0.44727868,  0.14418519, -0.19859898,  0.04423843,
       -0.06787427, -0.01116339,  0.10894223,  0.06408625, -0.10901552,
        0.09073694, -0.15081176,  0.07228033,  0.11810955,  0.02294277,
       -0.01572583,  0.24660315,  0.03474148, -0.04676779,  0.06298576,
        0.00396899, -0.14780144,  0.01337577, -0.13641837, -0.00679884,
        0.05134549, -0.05282022,  0.0844819 ,  0.05609639, -0.15252797,
        0.06311709,  0.0071406 , -0.05665726, -0.09238995,  0.0403969 ,
       -0.15073718, -0.0658293 ,  0.06271551, -0.20761393,  0.19053224,
        0.17095253,  0.0210155 ,  0.15415092,  0.03826487,  0.04397997,
       -0.06224132,  0.03934792, -0.03320952, -0.04157388,  0.08149369,
       -0.04149753,  0.15379988,  0.02997033]), array([-2.18516260e-01,  8.74352157e-02,  6.86437264e-02, -5.97388484e-02,
       -4.27033156e-02, -1.31371811e-01,  3.06530129e-02, -1.56981528e-01,
        1.27148509e-01, -6.31402284e-02,  2.74301380e-01, -5.43835089e-02,
       -1.92999125e-01, -2.03392476e-01, -4.35831957e-04,  1.52111098e-01,
       -1.98601127e-01, -1.53791100e-01, -5.35457134e-02, -8.64513889e-02,
        8.48888680e-02,  8.40343907e-03,  1.04595274e-01,  1.16990417e-01,
       -2.02783123e-01, -3.83221835e-01, -7.86002129e-02, -1.24735236e-01,
       -1.46167427e-02, -4.31384705e-02,  4.80396822e-02,  8.43482837e-02,
       -2.31947377e-01, -2.03355514e-02,  2.51406245e-03,  1.15601003e-01,
        6.13039844e-02, -1.63627081e-02,  1.89537123e-01, -7.84294680e-04,
       -1.58831701e-01, -8.33778977e-02,  3.96789201e-02,  2.99390346e-01,
        1.47092700e-01, -3.50786112e-02,  6.76394105e-02, -1.61498934e-02,
        9.26697478e-02, -1.84025005e-01,  2.50570849e-03,  1.22943774e-01,
        4.86276671e-02, -2.98004281e-02,  1.03046104e-01, -1.02706216e-01,
        1.62081029e-02,  1.38576657e-01, -2.04997391e-01,  6.95545785e-03,
        1.87804550e-02, -9.41553488e-02, -4.56676036e-02, -7.06698820e-02,
        2.73671210e-01,  8.16908851e-02, -1.42886639e-01, -5.94452918e-02,
        1.80963844e-01, -7.78747201e-02, -6.25361968e-03,  3.95758301e-02,
       -1.55424878e-01, -1.47989556e-01, -3.37471783e-01,  5.07282428e-02,
        4.43381965e-01,  6.86195344e-02, -1.73234299e-01,  5.58970906e-02,
       -1.19568266e-01,  3.58730089e-03,  1.60048865e-02,  5.94207086e-02,
       -1.28362969e-01,  1.17120430e-01, -1.53503358e-01,  1.02593206e-01,
        1.29055023e-01,  3.84042338e-02, -1.71144474e-02,  2.13736936e-01,
       -3.53592001e-02, -5.57729090e-03,  7.39464387e-02, -1.52701056e-02,
       -1.21916518e-01, -1.56019274e-02, -1.07865468e-01,  1.82899088e-02,
        3.26651968e-02, -1.23311788e-01,  1.43930372e-02,  8.14696848e-02,
       -1.79745778e-01,  7.41118044e-02,  6.13474753e-03, -5.79746030e-02,
       -9.67885628e-02,  2.93446351e-02, -1.11502856e-01, -4.39517051e-02,
        6.35957271e-02, -2.52441376e-01,  1.74035922e-01,  1.57535762e-01,
        1.79403760e-02,  2.01479629e-01,  2.62942109e-02,  5.50050512e-02,
       -7.88279772e-02,  1.17443148e-02, -4.75550853e-02, -4.03659046e-02,
        1.00589231e-01, -4.58146185e-02,  1.39714420e-01,  1.32605322e-02]), array([-0.22044405,  0.11446112,  0.04522456, -0.04307213, -0.05410748,
       -0.10400755,  0.00236371, -0.16017653,  0.13132606, -0.0604025 ,
        0.27525997, -0.002425  , -0.17836511, -0.18174823,  0.00694294,
        0.11519629, -0.16041555, -0.13954745, -0.04593931, -0.03994906,
        0.12293006,  0.02605515,  0.12332181,  0.09439927, -0.21144433,
       -0.36391944, -0.08107667, -0.11294311,  0.02044575, -0.0227805 ,
        0.03670333,  0.02610236, -0.20912892, -0.02023631,  0.02335294,
        0.11527582,  0.01272801, -0.02363725,  0.2187043 , -0.01309354,
       -0.17835069, -0.09179188,  0.03936772,  0.31686926,  0.17131132,
       -0.03444399,  0.0619871 , -0.04315894,  0.10953861, -0.17950815,
        0.02599537,  0.12300314,  0.05856973, -0.00838045,  0.12898639,
       -0.1050143 ,  0.05156516,  0.1069255 , -0.21825936, -0.01856896,
        0.01197908, -0.06278485, -0.00490307, -0.06003797,  0.26309082,
        0.06472409, -0.11944815, -0.06643936,  0.16403879, -0.09923248,
        0.00799434,  0.06230936, -0.15951303, -0.17121592, -0.32519299,
        0.01674247,  0.45209453,  0.10350036, -0.15796499,  0.06821375,
       -0.09279951, -0.02879736,  0.03853148,  0.04209938, -0.12570728,
        0.1162396 , -0.16109514,  0.10580205,  0.16024597, -0.00370322,
       -0.01210751,  0.22400394,  0.00520326, -0.01923034,  0.10627842,
        0.00326595, -0.13380092, -0.00825191, -0.12229102,  0.0112044 ,
        0.02366303, -0.12871145,  0.05822694,  0.09252169, -0.19169402,
        0.0897743 ,  0.02585122, -0.04814793, -0.08455979,  0.01597427,
       -0.14195324, -0.06908351,  0.06051697, -0.23017733,  0.17381465,
        0.12363556,  0.02914609,  0.20023593,  0.03626122,  0.05433971,
       -0.080975  ,  0.03141118, -0.02972868, -0.03088213,  0.06514974,
       -0.02952081,  0.15276195,  0.02245164]), array([-2.30867252e-01,  1.40271932e-01,  2.48363540e-02, -6.10597581e-02,
       -4.59711067e-02, -9.13341120e-02, -2.50391178e-02, -1.51637718e-01,
        1.25605509e-01, -4.83478047e-02,  2.51294553e-01,  1.40801072e-03,
       -1.59141883e-01, -1.84217975e-01,  4.05661482e-03,  1.08496346e-01,
       -1.81566417e-01, -1.61290199e-01, -3.17623243e-02, -4.52628732e-02,
        1.07252806e-01,  2.10380065e-03,  9.08826813e-02,  8.53409693e-02,
       -2.26322755e-01, -3.15052748e-01, -7.71724656e-02, -1.18078336e-01,
       -2.03026943e-02, -2.21828055e-02,  6.00622632e-02,  3.12322322e-02,
       -1.78982496e-01, -1.38713866e-02,  3.26758474e-02,  1.18425205e-01,
        3.35330702e-02,  1.70124732e-02,  2.16960579e-01, -3.09205391e-02,
       -1.61532372e-01, -6.84475005e-02,  5.96063845e-02,  3.31349701e-01,
        1.62863970e-01, -3.40280384e-02,  6.54320866e-02, -5.57246134e-02,
        1.20628640e-01, -1.71501100e-01,  2.44925525e-02,  1.19076066e-01,
        9.06204805e-02,  1.95378810e-02,  1.09706439e-01, -1.08983383e-01,
        5.24863489e-02,  1.24030173e-01, -1.87543169e-01,  2.13047722e-03,
        1.98648088e-02, -6.44806102e-02, -1.47660393e-02, -5.76722324e-02,
        2.90895671e-01,  7.90791363e-02, -1.49852321e-01, -1.07229352e-01,
        1.10482641e-01, -7.23140165e-02, -3.00763678e-02,  1.13299325e-01,
       -1.39022768e-01, -1.58125326e-01, -3.15419018e-01,  2.13623159e-02,
        4.26706314e-01,  8.77048373e-02, -2.01103672e-01,  2.58713551e-02,
       -1.16141260e-01, -2.62555610e-02,  4.09533717e-02,  3.64514925e-02,
       -1.36957139e-01,  9.71505344e-02, -1.71511903e-01,  6.59815297e-02,
        1.91815406e-01,  3.89398076e-04, -3.34703699e-02,  1.92255706e-01,
        3.31352949e-02, -5.36353327e-04,  6.95721284e-02,  2.99650561e-02,
       -1.30711392e-01,  1.74415298e-04, -1.15564600e-01, -1.30228428e-02,
        3.30764353e-02, -9.93185118e-02,  3.26365680e-02,  8.95101354e-02,
       -1.83500528e-01,  1.17734596e-01,  2.56905016e-02, -2.74241492e-02,
       -1.09384596e-01,  2.28985101e-02, -1.17392272e-01, -4.25860547e-02,
        7.63754174e-02, -2.52535433e-01,  1.62418589e-01,  1.18939899e-01,
        3.24218161e-02,  1.86277270e-01,  5.32863885e-02,  4.54554223e-02,
       -9.65442061e-02,  3.09505537e-02, -1.70776565e-02, -2.80613042e-02,
        7.34495968e-02, -2.21888777e-02,  1.67421043e-01,  1.34378811e-02]), array([-2.38467634e-01,  1.24450453e-01,  2.75529958e-02, -4.23486531e-02,
       -5.68874218e-02, -8.69035646e-02,  1.63039789e-02, -1.83462217e-01,
        1.44738004e-01, -4.22722138e-02,  2.52214164e-01,  3.67154516e-02,
       -1.80226862e-01, -1.80452317e-01,  4.47700266e-03,  9.61739719e-02,
       -1.51907206e-01, -1.59552798e-01, -5.30008599e-02, -7.25212246e-02,
        9.82686803e-02,  1.48667134e-02,  1.31493911e-01,  1.16622366e-01,
       -1.98204562e-01, -3.36804807e-01, -8.46355408e-02, -1.22613922e-01,
        2.19090451e-02, -2.45099626e-02,  4.85847294e-02,  2.71796584e-02,
       -2.15850458e-01,  3.30880284e-04, -3.39363143e-03,  1.02034956e-01,
        2.28903368e-02, -1.32629089e-02,  2.08280429e-01, -1.60413049e-03,
       -1.60413414e-01, -9.28286463e-02,  3.17633040e-02,  3.09689105e-01,
        1.61927074e-01, -5.58608137e-02,  5.22693843e-02, -3.70800123e-02,
        7.83741400e-02, -1.57910645e-01,  3.01853903e-02,  1.36186540e-01,
        8.03829357e-02, -2.23693065e-02,  1.41208753e-01, -9.47652981e-02,
        5.18497005e-02,  8.63088965e-02, -1.85773745e-01, -3.21168476e-03,
        1.04381172e-02, -6.30003065e-02, -2.25021113e-02, -6.48125634e-02,
        2.63442963e-01,  8.01679939e-02, -9.69220549e-02, -8.24217051e-02,
        1.66121721e-01, -9.15456563e-02, -2.59413645e-02,  8.21599141e-02,
       -1.42186940e-01, -1.58434331e-01, -2.99160361e-01,  2.91982722e-02,
        4.40024376e-01,  1.27050415e-01, -1.67967528e-01,  7.24474564e-02,
       -1.36923954e-01, -3.56039219e-02,  1.66353453e-02,  1.46090444e-02,
       -1.57938451e-01,  1.11879624e-01, -1.82086408e-01,  1.01480097e-01,
        1.52822718e-01,  2.60191374e-02, -1.32398782e-02,  2.43033394e-01,
        1.48208011e-02, -1.66551229e-02,  9.27745551e-02, -7.28659192e-03,
       -1.24395132e-01,  6.92040939e-03, -1.13918379e-01, -2.00108811e-02,
        5.06904498e-02, -1.20758981e-01,  6.63613975e-02,  8.40193704e-02,
       -2.04991415e-01,  7.25078508e-02,  3.00762486e-02, -4.02457044e-02,
       -6.91938028e-02,  3.51605825e-02, -1.50778010e-01, -5.85740507e-02,
        7.15827495e-02, -2.46293589e-01,  1.78405344e-01,  1.16097391e-01,
        3.17268856e-02,  1.69777945e-01,  4.27632630e-02,  5.27314097e-02,
       -8.65772441e-02,  2.82332581e-03, -2.34945584e-02, -1.79262310e-02,
        7.94937909e-02, -5.75532690e-02,  1.29042223e-01,  4.78498340e-02]), array([-2.47350842e-01,  1.29199505e-01,  4.57882434e-02, -3.49424742e-02,
       -6.03130683e-02, -8.49430636e-02,  9.25595965e-03, -1.88346967e-01,
        1.53791055e-01, -4.61175889e-02,  2.39986762e-01,  1.89921074e-02,
       -1.68216884e-01, -1.79190114e-01,  1.47703625e-02,  1.05808765e-01,
       -1.50164291e-01, -1.58915296e-01, -5.86075857e-02, -8.76838267e-02,
        8.04079846e-02, -2.26154691e-04,  1.21858001e-01,  1.19177192e-01,
       -2.08262026e-01, -3.29400510e-01, -6.34208396e-02, -1.34468988e-01,
        1.81439649e-02, -2.52422579e-02,  4.60957363e-02,  3.97469066e-02,
       -2.26435110e-01,  2.00418867e-02, -2.26164460e-02,  1.10899076e-01,
        2.06074845e-02, -1.62201747e-02,  1.97046414e-01, -4.21420950e-03,
       -1.80183634e-01, -1.13455966e-01,  1.86827425e-02,  2.92375147e-01,
        1.69863865e-01, -7.40070641e-02,  5.40784597e-02, -3.80949080e-02,
        1.00878939e-01, -1.50389701e-01,  8.45726952e-03,  1.55208364e-01,
        5.62478229e-02, -2.29839776e-02,  1.38123393e-01, -9.50832963e-02,
        4.83477935e-02,  7.17274621e-02, -1.78007171e-01, -5.37761115e-03,
        1.67033132e-02, -6.00712076e-02, -4.48581651e-02, -6.96267113e-02,
        2.50295192e-01,  9.65190530e-02, -9.24423859e-02, -9.05110016e-02,
        1.74370199e-01, -8.60382840e-02, -2.05954276e-02,  9.70185325e-02,
       -1.54109940e-01, -1.73065215e-01, -3.02621961e-01,  3.19083817e-02,
        4.53692555e-01,  1.14280671e-01, -1.64169639e-01,  6.28740117e-02,
       -1.34654239e-01, -3.78937311e-02,  2.56763566e-02,  3.56657878e-02,
       -1.47645772e-01,  1.12509869e-01, -1.66894153e-01,  1.09875642e-01,
        1.56349227e-01,  1.33815473e-02, -6.62020501e-03,  2.26002827e-01,
        5.49643394e-03, -3.34444791e-02,  6.15632236e-02, -1.89209718e-03,
       -1.21468127e-01,  2.28690710e-02, -1.13674939e-01, -2.78133322e-02,
        7.10513294e-02, -1.15258597e-01,  6.33668825e-02,  7.21084625e-02,
       -2.04605028e-01,  7.14961290e-02,  5.00452407e-02, -3.59595045e-02,
       -6.74833879e-02,  3.46394815e-02, -1.52946785e-01, -5.37567325e-02,
        8.06885362e-02, -2.31422469e-01,  1.89360157e-01,  1.17323950e-01,
        2.73543783e-02,  1.63135514e-01,  4.38777208e-02,  6.69830889e-02,
       -7.96962455e-02,  2.90700234e-03, -7.03286473e-03, -2.00216714e-02,
        7.35147968e-02, -4.32345234e-02,  1.03259675e-01,  3.84225100e-02]), array([-2.77653337e-01,  1.07746482e-01,  1.61705092e-02, -3.16635892e-02,
       -3.50485593e-02, -7.85948709e-02,  1.68519691e-02, -1.69666097e-01,
        1.63112059e-01, -5.97133003e-02,  2.40964338e-01, -6.42253831e-03,
       -1.75749406e-01, -1.73660457e-01,  4.71200608e-03,  9.77049321e-02,
       -1.73271760e-01, -1.48426950e-01, -5.92444725e-02, -7.37306923e-02,
        9.89687517e-02, -1.90262846e-03,  9.73215401e-02,  1.00873217e-01,
       -2.27444187e-01, -3.55975181e-01, -1.04568899e-01, -1.25869527e-01,
        1.94782373e-02, -4.01046574e-02,  6.65438697e-02,  3.93747091e-02,
       -1.99645847e-01,  1.25498194e-02, -2.98557486e-02,  1.18769743e-01,
        2.55680159e-02, -4.61850315e-04,  1.95809260e-01,  8.57602898e-03,
       -1.75255522e-01, -1.06868967e-01,  2.29286514e-02,  3.23597997e-01,
        1.48192927e-01, -4.32510972e-02,  4.90216240e-02, -2.32843347e-02,
        8.15238059e-02, -1.59151852e-01,  1.54888397e-02,  1.29198775e-01,
        6.81408495e-02, -6.93487190e-03,  1.55079171e-01, -1.09267555e-01,
        4.05795872e-02,  1.01680107e-01, -1.74643606e-01,  7.57818297e-03,
       -2.17698235e-03, -6.54453933e-02, -1.82660781e-02, -3.52348313e-02,
        2.64331996e-01,  9.29004401e-02, -1.06640503e-01, -9.31642726e-02,
        1.91483289e-01, -7.88791180e-02, -7.55406031e-03,  1.05916187e-01,
       -1.29789516e-01, -1.82032883e-01, -3.19877952e-01,  5.48474193e-02,
        4.77754354e-01,  9.60279480e-02, -1.70533121e-01,  4.53658439e-02,
       -1.24792978e-01, -5.31021655e-02,  4.82257083e-02,  4.64096256e-02,
       -1.56450927e-01,  9.43843871e-02, -1.88360676e-01,  7.72788078e-02,
        1.57699108e-01,  3.77564207e-02, -2.89024692e-02,  2.00004190e-01,
        1.61872245e-02, -3.28367501e-02,  8.01881701e-02,  9.87008587e-03,
       -1.46494448e-01,  5.88691048e-03, -1.05260111e-01, -3.76015902e-02,
        7.70251751e-02, -1.19141959e-01,  2.48649083e-02,  9.25817937e-02,
       -1.74896717e-01,  1.07676469e-01,  5.52380495e-02, -6.10655844e-02,
       -9.10565257e-02,  4.31915037e-02, -1.43870026e-01, -3.44309658e-02,
        7.81527683e-02, -2.67720878e-01,  1.56716689e-01,  1.26169413e-01,
        2.40214821e-02,  1.94181532e-01,  4.21655439e-02,  6.41576871e-02,
       -8.60656127e-02,  3.48147154e-02, -3.08251083e-02, -2.89640594e-02,
        6.37278408e-02, -3.61395776e-02,  1.02829248e-01,  3.03082634e-02]), array([-0.25609812,  0.10824373,  0.02634031, -0.05467233, -0.03748407,
       -0.0922602 , -0.00488955, -0.16504367,  0.14551178, -0.05364607,
        0.24980137, -0.00462362, -0.17494072, -0.17644517, -0.01055609,
        0.10476057, -0.15252529, -0.15606758, -0.04978645, -0.06003506,
        0.10518914,  0.0115041 ,  0.10293992,  0.09117193, -0.2268655 ,
       -0.33206499, -0.08994746, -0.11596327, -0.00490385, -0.03303342,
        0.04775174,  0.02309985, -0.19679709, -0.00106184,  0.00985554,
        0.12117422,  0.01054144, -0.01047533,  0.223149  , -0.00743565,
       -0.15749717, -0.09678467,  0.03053005,  0.31537741,  0.14695323,
       -0.04517698,  0.06278093, -0.05195962,  0.09225239, -0.17891368,
        0.04971679,  0.12603422,  0.07628287, -0.00969673,  0.13687342,
       -0.11828819,  0.05131572,  0.12565053, -0.19391495,  0.0052427 ,
        0.00825985, -0.06491436, -0.02782851, -0.02866592,  0.2686871 ,
        0.11436609, -0.11935572, -0.08870569,  0.16971453, -0.07294533,
        0.00521388,  0.08375368, -0.12929615, -0.17712617, -0.30442119,
        0.03500965,  0.45644316,  0.08796345, -0.2003614 ,  0.04291698,
       -0.11113413, -0.03232358,  0.06105073,  0.0307423 , -0.16082168,
        0.09161119, -0.19005063,  0.07914884,  0.16468467,  0.020347  ,
       -0.0312291 ,  0.19147825,  0.03103013, -0.02865298,  0.10687975,
        0.01498972, -0.14360021, -0.00801713, -0.10921701, -0.01811696,
        0.05595251, -0.10931782,  0.0266321 ,  0.09775235, -0.16828027,
        0.10981098,  0.03731471, -0.06917109, -0.10293859,  0.0103132 ,
       -0.12114795, -0.05185995,  0.06445087, -0.23592891,  0.153881  ,
        0.09806323,  0.0189043 ,  0.21240911,  0.04349402,  0.06157747,
       -0.07842437,  0.03867088, -0.02769844, -0.02377642,  0.06350464,
       -0.01796259,  0.14691134,  0.02885664]), array([-0.24963172,  0.08588369,  0.02072433, -0.02483405, -0.06138199,
       -0.10644957, -0.00514245, -0.1759112 ,  0.13854752, -0.04325522,
        0.22199838,  0.01217733, -0.16330658, -0.16241482, -0.01758272,
        0.09092275, -0.15270488, -0.14395545, -0.06300368, -0.04892072,
        0.0993262 ,  0.00977167,  0.13780612,  0.09803826, -0.21643898,
       -0.34171879, -0.07651121, -0.12523924,  0.01442523, -0.00671767,
        0.0193628 ,  0.00365474, -0.20769633, -0.02455595,  0.01601585,
        0.1115256 ,  0.02230293, -0.01047815,  0.22863406,  0.00892819,
       -0.1703508 , -0.07737947,  0.02485924,  0.32849652,  0.15722378,
       -0.0284066 ,  0.04800388, -0.04029154,  0.11746804, -0.18910512,
        0.04595265,  0.14219208,  0.05255452, -0.0324735 ,  0.14967074,
       -0.08299401,  0.06680916,  0.11456494, -0.20642743,  0.02477524,
        0.01307444, -0.03152536, -0.00923309, -0.04086521,  0.24966472,
        0.10687207, -0.09659731, -0.07474904,  0.14440061, -0.10210519,
       -0.00706596,  0.04323385, -0.1492684 , -0.18855472, -0.31420255,
        0.0168163 ,  0.47170049,  0.12226871, -0.18535674,  0.06396334,
       -0.09807111, -0.04447863,  0.08907184,  0.04303303, -0.13038971,
        0.10556123, -0.17171462,  0.08469571,  0.16204691,  0.00947431,
       -0.02647487,  0.2226332 ,  0.03114498, -0.03216053,  0.10277617,
        0.00059644, -0.14759219,  0.00334562, -0.13050002, -0.00906945,
        0.06201006, -0.09111758,  0.07059769,  0.08101828, -0.17656359,
        0.06873597,  0.03171409, -0.0589539 , -0.07355717,  0.02116184,
       -0.14831901, -0.07967584,  0.0513969 , -0.21659543,  0.18289003,
        0.12266754,  0.02239064,  0.18325382,  0.03603948,  0.03085537,
       -0.05071415,  0.0784741 , -0.00298866, -0.03351238,  0.05360024,
       -0.02495301,  0.13411045,  0.03309608]), array([-0.23951209,  0.09599573,  0.04246364, -0.03022353, -0.05962789,
       -0.09479269,  0.0257136 , -0.11709054,  0.1443101 , -0.0026473 ,
        0.29093826,  0.01327681, -0.19443431, -0.2101476 ,  0.03440871,
        0.14408267, -0.202014  , -0.12289946, -0.03398939, -0.05115285,
        0.13472073,  0.03155587,  0.09457809,  0.1404857 , -0.18571185,
       -0.30625552, -0.04155663, -0.2118009 ,  0.06126015, -0.08588877,
       -0.02523627, -0.00928833, -0.19368817, -0.03280225,  0.01568087,
        0.03992664,  0.02758844, -0.06837919,  0.20298836, -0.04451311,
       -0.18893306, -0.04739444,  0.02462626,  0.25489962,  0.16053078,
       -0.03239869,  0.04954056, -0.02972379,  0.09192299, -0.17698191,
        0.01197284,  0.12101184,  0.09423833, -0.03078206,  0.08604939,
       -0.12753342, -0.00760826,  0.07786012, -0.26673633,  0.02548113,
        0.0109834 , -0.0633733 , -0.02055508, -0.0597676 ,  0.2286776 ,
        0.07966686, -0.14285778, -0.07044308,  0.13441025, -0.12599899,
       -0.01089909,  0.10413812, -0.14942065, -0.19844955, -0.26781872,
        0.02188851,  0.41435403,  0.11763213, -0.18780573,  0.04051586,
       -0.12711784, -0.04101889,  0.00415175,  0.06253633, -0.07995831,
        0.08334956, -0.14307968,  0.08363272,  0.14446661, -0.00430916,
        0.01982005,  0.2583068 ,  0.01937298, -0.03841354,  0.0343333 ,
        0.00900805, -0.08132709, -0.03611751, -0.0464182 , -0.00788727,
        0.00402728, -0.09595662,  0.04872683,  0.06591215, -0.18787903,
        0.05199749,  0.02833921, -0.05661772, -0.10249574,  0.00745373,
       -0.09651959, -0.03923258,  0.05133934, -0.23655871,  0.21513847,
        0.14631116,  0.06651191,  0.16423154, -0.02934028,  0.01540937,
       -0.0617633 , -0.03574615, -0.04470174, -0.04165264,  0.10283212,
       -0.06058869,  0.15923862,  0.00414586]), array([-0.21085177,  0.095097  ,  0.02909068, -0.02405493, -0.03719326,
       -0.10329   ,  0.018474  , -0.12431912,  0.14411576, -0.01260944,
        0.26918918,  0.00889954, -0.18435593, -0.19857566,  0.0213475 ,
        0.11137146, -0.16668272, -0.1244939 , -0.03910949, -0.04038397,
        0.15627804,  0.02928716,  0.11040405,  0.13777198, -0.20232587,
       -0.30347449, -0.03616546, -0.21396349,  0.04861481, -0.07213917,
       -0.03951242, -0.01908666, -0.20922154, -0.02441951,  0.00606981,
        0.06274413,  0.03168995, -0.06368577,  0.21001714, -0.03071184,
       -0.18950775, -0.06430389,  0.00948132,  0.25015569,  0.16915816,
       -0.05681613,  0.05535883, -0.05429992,  0.11324019, -0.18697788,
        0.0117423 ,  0.12727585,  0.09861375, -0.02326064,  0.09819257,
       -0.12036731,  0.03234772,  0.04800057, -0.27693555,  0.00331988,
        0.00081909, -0.03024852, -0.02579239, -0.03791181,  0.23664671,
        0.08739189, -0.13181187, -0.08239051,  0.1198739 , -0.15421364,
       -0.00542771,  0.10225312, -0.14108948, -0.19859378, -0.28962266,
        0.01574835,  0.40702832,  0.11369222, -0.20236409,  0.07684371,
       -0.13752225, -0.04445795,  0.02703485,  0.04710321, -0.10105918,
        0.13189471, -0.16334066,  0.0913798 ,  0.15504952, -0.02884533,
        0.01300031,  0.24345444,  0.01651947, -0.0275927 ,  0.07313921,
        0.0246126 , -0.1101638 , -0.02633373, -0.06625345,  0.00584075,
        0.03289284, -0.09816857,  0.04306214,  0.06726316, -0.20210497,
        0.05266753,  0.00911225, -0.08514531, -0.09677423, -0.02293592,
       -0.12751521, -0.05531223,  0.05060582, -0.23133586,  0.19807056,
        0.11780564,  0.05202291,  0.16713849, -0.00795418,  0.01611093,
       -0.06749856, -0.00476321, -0.04226014, -0.03439806,  0.09705992,
       -0.04431214,  0.13930377, -0.01095063]), array([-2.32202470e-01,  8.21739510e-02,  7.38471448e-02, -7.86464959e-02,
       -6.37008697e-02, -7.29651675e-02,  4.38510180e-02, -1.14009395e-01,
        1.59540057e-01, -2.96096914e-02,  2.58799046e-01, -2.76342556e-02,
       -1.95082411e-01, -2.01803327e-01,  1.33612426e-02,  1.60502821e-01,
       -1.94052145e-01, -1.35258943e-01, -4.98558134e-02, -8.10744688e-02,
        6.85515553e-02,  4.54321876e-02,  1.21405520e-01,  1.11831971e-01,
       -1.82503149e-01, -3.55831414e-01, -5.41899987e-02, -1.69171199e-01,
        8.41730554e-03, -3.18413153e-02,  3.39874998e-04,  4.93484773e-02,
       -2.30962649e-01, -4.41139676e-02, -1.51943574e-02,  1.09441608e-01,
        2.54067872e-02, -5.57060465e-02,  1.88037694e-01,  1.10741612e-03,
       -1.69918031e-01, -7.21483156e-02, -1.23461336e-03,  3.00185055e-01,
        1.43688127e-01, -5.38118221e-02,  7.13664740e-02, -3.30445915e-03,
        7.29406327e-02, -1.99401528e-01,  5.48926592e-02,  1.04109921e-01,
        6.31348267e-02, -3.91851440e-02,  7.77670741e-02, -1.16246231e-01,
        1.19965291e-02,  1.28866717e-01, -2.06826538e-01,  8.97024292e-03,
        3.29291821e-02, -6.57855198e-02, -1.66675299e-02, -4.53315713e-02,
        2.75147617e-01,  1.30874097e-01, -1.19864725e-01, -6.90833479e-02,
        1.46173954e-01, -5.86523786e-02,  1.25143677e-04,  5.59792183e-02,
       -1.78427756e-01, -1.44108087e-01, -3.18710566e-01,  5.76585680e-02,
        4.30351049e-01,  6.29308149e-02, -1.81899264e-01,  9.97317210e-03,
       -1.41225979e-01,  3.03551629e-02,  5.74976839e-02,  6.52277172e-02,
       -1.11870289e-01,  1.05219647e-01, -1.59351870e-01,  1.07936278e-01,
        1.37984395e-01, -4.93794400e-03, -5.60320541e-02,  2.13690877e-01,
        8.34275410e-03, -3.41385975e-02,  6.55845106e-02,  8.90354859e-05,
       -6.12122528e-02, -4.30903770e-03, -9.93232802e-02,  3.40837911e-02,
        5.63908890e-02, -9.30459797e-02,  1.15255304e-02,  7.98470974e-02,
       -1.85260892e-01,  5.56900725e-02,  3.27291563e-02, -6.47753924e-02,
       -8.98548067e-02, -2.20801625e-02, -1.09738812e-01, -2.91277356e-02,
        8.42791721e-02, -2.22139224e-01,  1.93288624e-01,  1.49192482e-01,
        1.65778752e-02,  2.06391394e-01,  1.63780004e-02,  3.14831100e-02,
       -6.99380413e-02, -1.71069279e-02, -4.69945148e-02, -1.99282244e-02,
        1.28754497e-01, -9.23537463e-03,  1.63919702e-01,  4.31616679e-02]), array([-0.25161695,  0.10985062,  0.02867521, -0.03249536, -0.06534317,
       -0.11886578,  0.00181418, -0.17146602,  0.1507795 , -0.02712541,
        0.23474792,  0.02214318, -0.1763587 , -0.17247431, -0.01270321,
        0.11802915, -0.17491537, -0.13174905, -0.07922348, -0.05801354,
        0.11389744,  0.04102829,  0.14429238,  0.09799015, -0.18537989,
       -0.36937499, -0.06204101, -0.14228153,  0.04771411, -0.00957427,
        0.01770566,  0.01451478, -0.21491764, -0.0436227 ,  0.0280749 ,
        0.12148128,  0.00534943, -0.01488477,  0.22274476, -0.01032959,
       -0.16073543, -0.04596884,  0.03392665,  0.32098988,  0.17914686,
       -0.01749389,  0.0623221 , -0.05052343,  0.10909926, -0.17047417,
        0.05960985,  0.13101166,  0.07562255, -0.02931376,  0.15470406,
       -0.10339829,  0.04670367,  0.10238886, -0.24035837,  0.01538992,
        0.03381035, -0.02777128, -0.02352119, -0.03849184,  0.2411098 ,
        0.09803592, -0.10285804, -0.0601254 ,  0.15757078, -0.11293568,
        0.00975678,  0.0340326 , -0.16261792, -0.1734964 , -0.30387607,
        0.00680329,  0.46221644,  0.11282504, -0.1835074 ,  0.05210404,
       -0.08712976, -0.03583954,  0.0809469 ,  0.02835278, -0.12964869,
        0.0809242 , -0.16544297,  0.10510582,  0.14458601,  0.01127097,
       -0.03117356,  0.2279392 ,  0.042103  , -0.04149031,  0.09157795,
       -0.01113007, -0.13381353, -0.0169502 , -0.14416251, -0.01373757,
        0.02781238, -0.08678604,  0.05245413,  0.06572641, -0.15896657,
        0.06260224,  0.04403936, -0.04766661, -0.08971053,  0.01587573,
       -0.16115901, -0.0746097 ,  0.06066615, -0.19451787,  0.21553472,
        0.12751347,  0.02096669,  0.18394266,  0.02366654,  0.02506081,
       -0.04506837,  0.04815396, -0.01961949, -0.03776699,  0.07236375,
       -0.02474388,  0.16059798,  0.03688028]), array([-0.22207463,  0.11048958,  0.04551572, -0.0420769 , -0.05682925,
       -0.08528847, -0.00498477, -0.14896877,  0.13247712, -0.05709487,
        0.25050595,  0.01935841, -0.18744788, -0.17056142, -0.02558336,
        0.11497193, -0.1965225 , -0.13966639, -0.04733108, -0.04828405,
        0.12116957,  0.02724224,  0.14462931,  0.06521951, -0.20819145,
       -0.35509765, -0.04402988, -0.1300699 ,  0.03715256, -0.00856023,
        0.00473248,  0.03028336, -0.20974137, -0.01169794,  0.00407805,
        0.08176775,  0.02663014, -0.01236158,  0.22470848, -0.01414271,
       -0.1645498 , -0.06433474,  0.03508759,  0.29872921,  0.16865832,
       -0.02487706,  0.05385363, -0.03469265,  0.08708738, -0.19739015,
        0.0564562 ,  0.1270096 ,  0.05459148, -0.03085214,  0.13276537,
       -0.11823237,  0.03343748,  0.0950159 , -0.21709196,  0.01504354,
       -0.00926687, -0.03474846, -0.01699838, -0.03486751,  0.24294154,
        0.1008865 , -0.10240319, -0.06447139,  0.14604458, -0.1056862 ,
        0.00505509,  0.0348202 , -0.14252672, -0.16523789, -0.29349717,
       -0.00139075,  0.43356955,  0.11161144, -0.18214473,  0.07892242,
       -0.07272738, -0.0570481 ,  0.08019832,  0.05840759, -0.13964918,
        0.11559299, -0.15505841,  0.09223726,  0.13169566,  0.0052199 ,
       -0.03873422,  0.24571656,  0.0279153 , -0.03957183,  0.11621521,
       -0.00155981, -0.1267899 , -0.01907819, -0.1337125 , -0.02175865,
        0.04294859, -0.11258394,  0.03300904,  0.08392905, -0.16476311,
        0.05081467,  0.01175438, -0.04517264, -0.06734007,  0.01286319,
       -0.11510931, -0.0888784 ,  0.0432049 , -0.20271838,  0.166774  ,
        0.1300586 ,  0.00800862,  0.20301819,  0.0411067 ,  0.03600261,
       -0.0378461 ,  0.05925119, -0.01970782, -0.03804101,  0.07062389,
       -0.02953811,  0.15626943,  0.03568351]), array([-0.1983383 ,  0.11635368,  0.04168549, -0.03805813, -0.06760372,
       -0.06847811, -0.01583075, -0.15804887,  0.16329719, -0.06043513,
        0.24284038,  0.02002087, -0.20504524, -0.17081314, -0.03096322,
        0.10609037, -0.19968437, -0.1510817 , -0.04830794, -0.05226462,
        0.11963923,  0.02410954,  0.14964934,  0.0512761 , -0.21748224,
       -0.36841258, -0.04930197, -0.12325356,  0.04187445, -0.02031736,
       -0.00537111,  0.00351313, -0.2224609 , -0.04130549,  0.00230454,
        0.08084945,  0.03026448, -0.01016121,  0.23023094, -0.03926723,
       -0.18819484, -0.07617656,  0.05396293,  0.27629697,  0.16925476,
       -0.01158838,  0.02926592, -0.05735137,  0.1199017 , -0.18710563,
        0.07826177,  0.12448322,  0.06243293, -0.02732637,  0.12765004,
       -0.12660253,  0.02087609,  0.13262744, -0.21829216,  0.01991815,
        0.00933777, -0.03575055, -0.00813016, -0.03518519,  0.2258947 ,
        0.0923639 , -0.09034385, -0.09564672,  0.13188073, -0.1144736 ,
        0.02240026,  0.06490044, -0.1293256 , -0.16897051, -0.31489506,
       -0.00794894,  0.4568516 ,  0.09423102, -0.16340743,  0.04775288,
       -0.07050835, -0.06381907,  0.08922721,  0.03060391, -0.14441016,
        0.10757417, -0.17196432,  0.09106946,  0.15489151,  0.00991281,
       -0.04212451,  0.23632053,  0.01512012, -0.00851943,  0.11065134,
        0.03110891, -0.15537311,  0.00794918, -0.14653359, -0.00955574,
        0.04947584, -0.10574891,  0.04186328,  0.08455009, -0.15179878,
        0.04371277,  0.0150967 , -0.03495626, -0.05717359,  0.0057929 ,
       -0.1316608 , -0.1049372 ,  0.0729463 , -0.20699878,  0.16810705,
        0.11692709,  0.01455735,  0.20134254,  0.0449039 ,  0.03775379,
       -0.0467254 ,  0.04646227, -0.04443564, -0.02195827,  0.07115185,
       -0.04784226,  0.17554955,  0.03387316]), array([-0.20543908,  0.1090969 ,  0.05297126, -0.03632409, -0.05702692,
       -0.06221952, -0.00446513, -0.15506768,  0.14403345, -0.04646383,
        0.23510398,  0.01649318, -0.19439508, -0.17414749, -0.01474334,
        0.09138601, -0.19314396, -0.15553245, -0.043109  , -0.05937326,
        0.10310111,  0.02632741,  0.14308748,  0.0599696 , -0.22531506,
       -0.35699663, -0.03757744, -0.12404441,  0.04131711, -0.01110509,
        0.00447577,  0.01231533, -0.23837608, -0.03226561, -0.00338659,
        0.09420601,  0.02825018, -0.0093307 ,  0.22563697, -0.0301063 ,
       -0.16985011, -0.08337586,  0.04658959,  0.27668849,  0.16870192,
       -0.02683822,  0.0282372 , -0.04365473,  0.11189525, -0.19610524,
        0.0678882 ,  0.14055024,  0.05541258, -0.02285885,  0.11574855,
       -0.12454325,  0.02744317,  0.11092531, -0.21525614,  0.02198814,
       -0.00390279, -0.03432414, -0.00882521, -0.03040576,  0.22420134,
        0.09652495, -0.07966896, -0.09936856,  0.1339988 , -0.10695018,
        0.01637499,  0.06150984, -0.13175587, -0.16130389, -0.30779168,
        0.00734979,  0.43879747,  0.08844902, -0.16978225,  0.06343774,
       -0.08620604, -0.05966138,  0.08062483,  0.02772543, -0.1397796 ,
        0.11013173, -0.16984341,  0.09857599,  0.14498575,  0.01054267,
       -0.03928271,  0.22720025,  0.01322026, -0.01750169,  0.12378836,
        0.02793434, -0.15233105,  0.01558654, -0.14669058, -0.01272739,
        0.06188081, -0.1034332 ,  0.05496898,  0.09096175, -0.1569576 ,
        0.05388406,  0.01599407, -0.04297222, -0.04651542,  0.0038835 ,
       -0.12926878, -0.10464688,  0.0713002 , -0.20532934,  0.17531505,
        0.10976858, -0.00294825,  0.20157862,  0.04634038,  0.05005519,
       -0.0510892 ,  0.0616466 , -0.02932579, -0.02171094,  0.06351174,
       -0.0378364 ,  0.15524511,  0.03708355]), array([-2.16412142e-01,  8.95395502e-02,  4.50782813e-02, -3.21448036e-02,
       -5.66731617e-02, -7.87309259e-02,  2.45455652e-04, -1.48849934e-01,
        1.35508537e-01, -4.41061631e-02,  2.48017266e-01,  9.63931438e-03,
       -2.05460966e-01, -1.64183572e-01, -3.07792090e-02,  8.54704604e-02,
       -1.79358825e-01, -1.40624791e-01, -5.19104637e-02, -5.73303103e-02,
        1.22987084e-01,  3.18197496e-02,  1.53556511e-01,  5.73043041e-02,
       -2.17379197e-01, -3.53678435e-01, -4.89715077e-02, -1.19516961e-01,
        4.91897315e-02, -1.05520906e-02, -3.20737250e-04,  1.89022683e-02,
       -2.26288959e-01, -4.13194969e-02,  1.11657791e-02,  9.19819027e-02,
        3.59572284e-02, -1.12206675e-04,  2.25190893e-01, -3.70365158e-02,
       -1.72424361e-01, -7.97984228e-02,  5.32842614e-02,  2.81839430e-01,
        1.62143782e-01, -1.05563011e-02,  2.50279065e-02, -4.86233756e-02,
        9.54191461e-02, -1.91389158e-01,  7.22011924e-02,  1.28326640e-01,
        6.80292100e-02, -3.10107917e-02,  1.24560803e-01, -1.35624111e-01,
        3.01343948e-02,  1.25499576e-01, -2.04509094e-01,  3.26097310e-02,
       -2.78376881e-03, -3.57862711e-02, -1.76315196e-03, -3.09109725e-02,
        2.23142713e-01,  8.17273483e-02, -8.97681639e-02, -1.05431765e-01,
        1.32394090e-01, -1.12270936e-01,  2.48839278e-02,  8.17526951e-02,
       -1.34869024e-01, -1.62985638e-01, -3.03629041e-01,  3.22891027e-03,
        4.49556053e-01,  8.72078687e-02, -1.70408994e-01,  5.89948297e-02,
       -8.34093615e-02, -5.55111058e-02,  8.36281925e-02,  2.21939478e-02,
       -1.48657292e-01,  1.05401546e-01, -1.85922965e-01,  8.01259950e-02,
        1.43628031e-01,  1.22925676e-02, -4.52392437e-02,  2.32508451e-01,
        1.50178615e-02, -1.03948331e-02,  1.25649169e-01,  2.59448495e-02,
       -1.61199987e-01,  6.91214064e-03, -1.40305892e-01, -1.77377984e-02,
        5.59560284e-02, -1.17765978e-01,  4.84288707e-02,  9.64565128e-02,
       -1.50785759e-01,  4.34233807e-02, -1.51232118e-03, -3.44874635e-02,
       -4.79768738e-02,  1.00605991e-02, -1.26519501e-01, -1.05668411e-01,
        6.48477674e-02, -2.11826280e-01,  1.62623048e-01,  1.19573988e-01,
        1.46964155e-02,  1.94813296e-01,  5.12951799e-02,  4.46516350e-02,
       -4.49681096e-02,  7.53640980e-02, -4.06601727e-02, -1.69105511e-02,
        6.30739480e-02, -5.36609180e-02,  1.55453011e-01,  3.19833308e-02]), array([-0.21317035,  0.10873864,  0.05234455, -0.03392017, -0.06030016,
       -0.08768647, -0.0055628 , -0.15539265,  0.15440828, -0.0497247 ,
        0.23459847,  0.01606973, -0.20294248, -0.15787439, -0.03913994,
        0.09097544, -0.19478051, -0.12476754, -0.05692312, -0.06602292,
        0.12149143,  0.02312415,  0.15838087,  0.06999286, -0.2196967 ,
       -0.34614784, -0.05646604, -0.11405377,  0.05099706, -0.01229638,
       -0.01794855,  0.01003249, -0.21641892, -0.04287302, -0.00101852,
        0.08860491,  0.04082241, -0.01286655,  0.21623971, -0.03496544,
       -0.1689515 , -0.05662587,  0.04382757,  0.28653806,  0.17248893,
       -0.01973926,  0.03367197, -0.05437895,  0.10078202, -0.18651614,
        0.0661087 ,  0.13571319,  0.05104849, -0.03723061,  0.12804988,
       -0.12820178,  0.02706891,  0.12448183, -0.20334902,  0.03143202,
        0.01284627, -0.03749485, -0.01649221, -0.02663392,  0.21974143,
        0.1188549 , -0.08832882, -0.12009501,  0.13562831, -0.12859678,
        0.02009801,  0.0635101 , -0.13002199, -0.14995679, -0.29383644,
       -0.00351537,  0.45209303,  0.09821995, -0.18367383,  0.06295412,
       -0.10258511, -0.04801852,  0.09702766,  0.03149623, -0.15138626,
        0.11062613, -0.18749599,  0.08141864,  0.14317562,  0.01670511,
       -0.04289193,  0.24221402,  0.03817075, -0.02552663,  0.13084866,
        0.01420364, -0.17284513,  0.00334463, -0.14701964, -0.01992207,
        0.06980784, -0.12111053,  0.04388916,  0.08743814, -0.15887289,
        0.0548023 ,  0.00660969, -0.03710059, -0.03948367,  0.01248438,
       -0.13135217, -0.09797894,  0.07531822, -0.21182291,  0.17087862,
        0.1170141 ,  0.0151336 ,  0.1921446 ,  0.04922611,  0.05597889,
       -0.04271844,  0.07743685, -0.0164725 , -0.02284565,  0.0541872 ,
       -0.06194606,  0.16254951,  0.0305135 ]), array([-0.20976211,  0.08918279,  0.03740079, -0.04832445, -0.03794052,
       -0.1141572 ,  0.01605755, -0.1598417 ,  0.13727553, -0.01053042,
        0.22147864, -0.01217857, -0.20564476, -0.15829501, -0.03764315,
        0.07387461, -0.21583588, -0.11281288, -0.06104486, -0.08368359,
        0.10756736,  0.0109093 ,  0.14590193,  0.07487246, -0.20167448,
       -0.30928573, -0.04832289, -0.12555534,  0.07149202,  0.00665969,
        0.00466837,  0.0400298 , -0.2259782 , -0.05214901,  0.01035599,
        0.07390969,  0.05604399, -0.00098207,  0.20248684, -0.04322727,
       -0.15091395, -0.05767398,  0.03168241,  0.25904772,  0.16070053,
       -0.00995192,  0.02544302, -0.05731651,  0.06359877, -0.19784492,
        0.05768402,  0.15057808,  0.037643  , -0.05721164,  0.10568844,
       -0.13368423,  0.0188943 ,  0.09104738, -0.20513488,  0.04003102,
        0.02298344, -0.03663509, -0.03899289, -0.0287004 ,  0.19109564,
        0.11513598, -0.09403782, -0.12604637,  0.13664992, -0.13792133,
        0.01116562,  0.07843431, -0.11100712, -0.13936371, -0.30141681,
       -0.00375664,  0.44672048,  0.0955377 , -0.17732354,  0.06174069,
       -0.13010705, -0.04193098,  0.08807293,  0.01453461, -0.1693332 ,
        0.11059311, -0.18105182,  0.07617522,  0.11838665,  0.02240436,
       -0.06341448,  0.23376925,  0.02649653, -0.0185262 ,  0.11243157,
        0.01683607, -0.14457528, -0.01752886, -0.13860863, -0.03682399,
        0.10341063, -0.10412669,  0.04211817,  0.11308992, -0.15179151,
        0.04474236, -0.00220616, -0.05046945, -0.03708735,  0.01278548,
       -0.11180686, -0.08834897,  0.08171771, -0.20487997,  0.16223   ,
        0.1322646 ,  0.02168676,  0.16212799,  0.04877185,  0.03351396,
       -0.03938908,  0.06882231, -0.02009292, -0.03260577,  0.0490775 ,
       -0.05408614,  0.14685547,  0.02384326]), array([-0.20643643,  0.08958688,  0.03753515, -0.05928466, -0.0261713 ,
       -0.10699578,  0.03118473, -0.17003764,  0.14914836, -0.02796889,
        0.21996395, -0.0231503 , -0.20172828, -0.16424288, -0.0363604 ,
        0.06227656, -0.21468206, -0.12474507, -0.06968577, -0.10165416,
        0.10112175, -0.0031024 ,  0.13435255,  0.05615039, -0.21640342,
       -0.31309894, -0.05263668, -0.1373805 ,  0.09991781,  0.0012625 ,
       -0.00194873,  0.03179087, -0.24478322, -0.04288279, -0.01329362,
        0.07616879,  0.04299382,  0.00335199,  0.19229607, -0.04067251,
       -0.14861494, -0.04815778,  0.02760525,  0.25267297,  0.16245654,
       -0.01524038,  0.01992949, -0.0548385 ,  0.05866557, -0.20424104,
        0.06767128,  0.14635852,  0.03368945, -0.04020087,  0.12045751,
       -0.12678111,  0.00791763,  0.07018284, -0.19767678,  0.05043428,
        0.03636955, -0.03789719, -0.06077124, -0.04228031,  0.18502563,
        0.11944189, -0.08715547, -0.11822537,  0.16349903, -0.15162855,
        0.01852209,  0.07245273, -0.08429771, -0.12120052, -0.29488927,
        0.00578765,  0.44745269,  0.11534695, -0.16649505,  0.06445275,
       -0.14765318, -0.04398474,  0.08384382, -0.00074766, -0.17096174,
        0.1225884 , -0.17193505,  0.08137998,  0.1155061 ,  0.0234963 ,
       -0.04622298,  0.2334252 ,  0.02191955, -0.01390498,  0.10519295,
        0.00654357, -0.15787296, -0.03174798, -0.13584289, -0.03827213,
        0.09991954, -0.11948834,  0.03495986,  0.11450047, -0.15379511,
        0.06870027,  0.00756739, -0.05634599, -0.02924837,  0.02562503,
       -0.09231722, -0.08389519,  0.07704946, -0.2161431 ,  0.16160688,
        0.13647483,  0.0256421 ,  0.16088094,  0.04709094,  0.03365914,
       -0.0443166 ,  0.06560744, -0.03718438, -0.04366902,  0.02661152,
       -0.05670416,  0.1195527 ,  0.03883865]), array([-0.21045962,  0.08556028,  0.04378508, -0.05977347, -0.02261953,
       -0.10748858,  0.03619253, -0.15741122,  0.14943254, -0.04111182,
        0.22034866, -0.01520816, -0.20956454, -0.16487044, -0.0195099 ,
        0.06562211, -0.20767929, -0.14146338, -0.06466563, -0.10522593,
        0.09531616, -0.00294227,  0.13178892,  0.07263263, -0.21235731,
       -0.31152382, -0.05054699, -0.14346182,  0.08774054,  0.00624723,
        0.01586507,  0.0373113 , -0.24934468, -0.02998622, -0.02111911,
        0.06772204,  0.05141725,  0.00455789,  0.18502481, -0.04664939,
       -0.14060096, -0.06314991,  0.02467958,  0.2448066 ,  0.15564473,
       -0.01305933,  0.02518805, -0.05387343,  0.04954793, -0.20541348,
        0.06225258,  0.14933096,  0.02399262, -0.04767225,  0.1230492 ,
       -0.11968435,  0.01155145,  0.06050201, -0.20119086,  0.04555311,
        0.0274799 , -0.02291097, -0.07089489, -0.04994209,  0.20337336,
        0.11419611, -0.09496225, -0.10966069,  0.17956284, -0.15696828,
        0.0061447 ,  0.069664  , -0.08812422, -0.11484595, -0.29117057,
        0.00624017,  0.4344092 ,  0.11145157, -0.15752622,  0.08664526,
       -0.14697154, -0.03957252,  0.06294028,  0.003708  , -0.17606689,
        0.11956578, -0.16265848,  0.08672439,  0.10918385,  0.03878344,
       -0.03777833,  0.23529103,  0.02017429, -0.02407468,  0.11064169,
        0.00322267, -0.14223425, -0.0424917 , -0.13983427, -0.03436329,
        0.09205276, -0.10959536,  0.02724538,  0.11036322, -0.15173748,
        0.06161639,  0.00140238, -0.05781393, -0.02987336,  0.0393358 ,
       -0.10174263, -0.08987197,  0.06715769, -0.21519212,  0.1527206 ,
        0.12303029,  0.02401461,  0.15405622,  0.04265174,  0.04629464,
       -0.04937388,  0.05680138, -0.04603105, -0.04740786,  0.03972442,
       -0.06414124,  0.1150258 ,  0.04200589]), array([-0.21094681,  0.08340517,  0.0476435 , -0.05724803, -0.02054626,
       -0.10131089,  0.03581301, -0.16403799,  0.13615161, -0.01789078,
        0.22214974, -0.02574192, -0.20557515, -0.16833225, -0.01092673,
        0.05935512, -0.21031931, -0.11821631, -0.07669702, -0.10113892,
        0.08192917, -0.00700633,  0.12562858,  0.06504879, -0.20763256,
       -0.31403503, -0.05124047, -0.12222751,  0.09034533, -0.00532923,
        0.00904925,  0.04405608, -0.24026273, -0.03485361, -0.02191734,
        0.07056946,  0.06241552,  0.01073167,  0.17852876, -0.03433708,
       -0.15033908, -0.06312142,  0.02808036,  0.25455311,  0.1702266 ,
       -0.00398364,  0.01286481, -0.02865348,  0.06087162, -0.21089709,
        0.06528561,  0.14339699,  0.03781632, -0.06224562,  0.12495757,
       -0.11791354, -0.00754468,  0.06899004, -0.18791169,  0.05114786,
        0.03208319, -0.03451606, -0.05322101, -0.05298172,  0.18826585,
        0.12256562, -0.09115148, -0.10922623,  0.15786497, -0.14526138,
        0.00483501,  0.06525174, -0.09214833, -0.11282858, -0.31597039,
        0.0098964 ,  0.4441092 ,  0.10513021, -0.16611545,  0.05888733,
       -0.1456074 , -0.04067635,  0.07788114, -0.00149128, -0.17788385,
        0.1151047 , -0.16522215,  0.07487707,  0.12054081,  0.04161596,
       -0.04899727,  0.23105074,  0.00777733, -0.0199    ,  0.09236372,
       -0.00147722, -0.13779292, -0.03567933, -0.13249977, -0.03741397,
        0.09793293, -0.11525735,  0.04388933,  0.12295658, -0.16540289,
        0.06268883,  0.0122653 , -0.04256564, -0.01605516,  0.04397743,
       -0.10374539, -0.08373774,  0.07758141, -0.22037226,  0.14709443,
        0.1367588 ,  0.02000498,  0.13857852,  0.04251582,  0.03988364,
       -0.04427579,  0.07512722, -0.02512236, -0.04521285,  0.03496286,
       -0.06433006,  0.11718304,  0.04454507]), array([-1.85687572e-01,  6.04996793e-02,  4.96259741e-02, -1.18594691e-02,
       -4.44073305e-02, -9.24795568e-02,  2.68381089e-04, -1.02328643e-01,
        1.61838904e-01, -3.00154705e-02,  2.86989868e-01,  4.02269661e-02,
       -1.97585896e-01, -1.62329823e-01,  1.31832296e-02,  8.65464807e-02,
       -1.48858681e-01, -1.06255837e-01, -1.46374889e-02, -6.09638132e-02,
        1.46397918e-01,  3.71850245e-02,  1.34291977e-01,  9.82911959e-02,
       -2.00153470e-01, -3.30954462e-01, -8.05185288e-02, -1.36425704e-01,
        8.93813223e-02, -3.16025279e-02, -2.93608159e-02,  7.88401347e-03,
       -2.41760477e-01, -4.35455553e-02, -1.64116174e-03,  3.74034420e-02,
        2.26251744e-02, -5.53786904e-02,  1.86765805e-01,  4.39825747e-03,
       -1.73179328e-01, -4.39564139e-02, -3.34816799e-02,  2.41381705e-01,
        1.22586288e-01, -1.60257164e-02,  5.65355942e-02, -3.48903425e-02,
        7.33598471e-02, -1.78094283e-01,  4.58755419e-02,  1.36634022e-01,
        9.40530524e-02, -6.89620525e-02,  1.02180243e-01, -1.29085392e-01,
        1.16740912e-03,  8.76092389e-02, -2.40938619e-01,  4.11102287e-02,
       -4.04955894e-02, -2.52502840e-02, -3.61026414e-02, -7.00770989e-02,
        1.63217410e-01,  8.52372795e-02, -9.49810520e-02, -1.28220573e-01,
        1.44284800e-01, -1.24782726e-01,  2.79151415e-03,  1.19706564e-01,
       -1.21085621e-01, -2.15160444e-01, -2.64644772e-01,  1.56985577e-02,
        3.88371259e-01,  9.08455104e-02, -1.90525070e-01,  1.15970336e-01,
       -9.46367607e-02, -5.82740679e-02,  2.16544066e-02,  4.55006361e-02,
       -7.81585276e-02,  1.34376153e-01, -1.66812196e-01,  6.43441379e-02,
        1.38723880e-01, -1.87464803e-02, -2.20692717e-02,  2.76317269e-01,
       -6.38305396e-03,  1.39337275e-02,  8.81112814e-02,  2.60079335e-02,
       -1.11413509e-01,  1.02854939e-03, -7.94221535e-02, -1.22405002e-02,
        6.26153722e-02, -9.40121785e-02, -1.72795728e-03,  3.28014567e-02,
       -1.87796697e-01,  8.47978368e-02,  7.71824084e-03, -4.87527810e-02,
       -6.54213578e-02, -2.66894829e-02, -1.38626516e-01, -3.86013538e-02,
        6.23751581e-02, -2.72640169e-01,  2.03193158e-01,  1.38382748e-01,
        3.61709222e-02,  1.90034181e-01,  2.35224087e-02, -9.04070865e-03,
       -2.12165155e-02, -1.24138426e-02, -8.42464790e-02, -6.54244721e-02,
        7.30428472e-02, -1.01264291e-01,  9.48114246e-02,  1.11268088e-02]), array([-0.20457843,  0.10549815,  0.04990875, -0.05403571, -0.04672587,
       -0.08574215,  0.01844298, -0.16617048,  0.16434132, -0.02857418,
        0.21172911,  0.00610652, -0.17847124, -0.17454852, -0.02558741,
        0.07987036, -0.2003015 , -0.14425625, -0.06424655, -0.09878275,
        0.09262642,  0.01618564,  0.15025043,  0.07149422, -0.22467647,
       -0.3123351 , -0.03902963, -0.13298815,  0.06493117, -0.00552428,
        0.0188509 ,  0.03365654, -0.24306008, -0.03222369, -0.02038683,
        0.07980022,  0.05718913,  0.00934163,  0.1981018 , -0.03606632,
       -0.16960458, -0.07148147,  0.04380303,  0.25751391,  0.17728919,
       -0.01200319,  0.00799502, -0.01816195,  0.07528196, -0.19680962,
        0.07787101,  0.132733  ,  0.03819994, -0.05605625,  0.1231498 ,
       -0.13410591, -0.00193775,  0.08298805, -0.18665506,  0.03790238,
        0.00588494, -0.03127514, -0.05038354, -0.02393576,  0.21356344,
        0.1327001 , -0.0876091 , -0.1017423 ,  0.14904785, -0.12927702,
        0.01236896,  0.07070993, -0.1129237 , -0.11593493, -0.29988623,
        0.00421931,  0.45433295,  0.07125402, -0.18754299,  0.04394176,
       -0.10840465, -0.02662707,  0.08303439,  0.01931256, -0.16491622,
        0.10767744, -0.17292698,  0.07044033,  0.1210367 ,  0.0279288 ,
       -0.06352525,  0.23746553,  0.01592232, -0.02609712,  0.10444071,
        0.01759383, -0.13594422, -0.00981717, -0.14345725, -0.03255594,
        0.10363732, -0.09342513,  0.02660717,  0.10735287, -0.14970182,
        0.04421724,  0.02091801, -0.04006273, -0.03198256,  0.04049513,
       -0.11983097, -0.10717152,  0.08251639, -0.19292405,  0.16829678,
        0.11848015, -0.01646475,  0.16982488,  0.04856237,  0.05668722,
       -0.03273235,  0.07526021, -0.00620378, -0.03577429,  0.05199232,
       -0.0696719 ,  0.13775358,  0.04526029]), array([-2.04944238e-01,  9.17417109e-02,  4.09905575e-02, -4.86967415e-02,
       -5.75413294e-02, -9.38319117e-02,  1.34388879e-02, -1.64664522e-01,
        1.31363630e-01, -4.77049723e-02,  2.51902342e-01,  6.91017974e-03,
       -2.10380837e-01, -1.87869608e-01, -2.06267685e-02,  9.35940817e-02,
       -1.88202858e-01, -1.48364604e-01, -6.14311844e-02, -6.02917485e-02,
        1.07897036e-01,  8.18511471e-05,  1.41736984e-01,  8.59160498e-02,
       -2.08218724e-01, -3.29286337e-01, -4.90043871e-02, -1.14581883e-01,
        6.01371266e-02, -1.45861106e-02, -3.65308300e-03,  1.64866529e-03,
       -2.54267693e-01, -5.63715696e-02, -1.55385993e-02,  7.63506144e-02,
        6.25177473e-02, -1.54641755e-02,  2.17106089e-01, -3.16737629e-02,
       -1.65002793e-01, -5.84661402e-02,  5.22606000e-02,  2.72003502e-01,
        1.68656006e-01, -2.47837100e-02,  4.53896895e-02, -3.81012745e-02,
        9.59468707e-02, -2.22138330e-01,  5.86163700e-02,  1.13828629e-01,
        7.82450885e-02, -4.98458929e-02,  1.05858505e-01, -1.46836370e-01,
        2.10019425e-02,  1.35802031e-01, -2.05082014e-01,  6.32290989e-02,
        1.59427281e-02, -2.55740471e-02, -4.89648059e-03, -2.28891242e-02,
        2.43655786e-01,  9.27214026e-02, -1.04257070e-01, -1.03009164e-01,
        1.31278545e-01, -1.20455101e-01,  2.80625951e-02,  7.34993070e-02,
       -1.20947652e-01, -1.52639776e-01, -3.17464352e-01,  3.08422800e-02,
        4.53217328e-01,  1.09817743e-01, -1.91434234e-01,  4.92554568e-02,
       -1.29305929e-01, -3.01687848e-02,  7.98026323e-02,  9.88127850e-03,
       -1.34035498e-01,  9.33697671e-02, -2.09225714e-01,  7.52608925e-02,
        1.55453920e-01,  2.43129674e-02, -2.93079428e-02,  2.54271090e-01,
        2.93564070e-02, -1.47239957e-02,  9.92429033e-02,  2.57389992e-02,
       -1.72059521e-01, -1.83568196e-03, -1.31854579e-01, -4.36882488e-04,
        4.63239737e-02, -1.04878359e-01,  5.47705814e-02,  1.03519328e-01,
       -1.50260746e-01,  4.04323190e-02, -1.45528503e-02, -4.81942557e-02,
       -5.82825691e-02,  1.95694119e-02, -1.18176058e-01, -1.06141567e-01,
        5.14670610e-02, -2.10270643e-01,  1.63439468e-01,  1.30558461e-01,
        2.21219882e-02,  1.77818105e-01,  5.28879426e-02,  4.61319610e-02,
       -3.57921384e-02,  7.23795444e-02, -1.84788015e-02, -2.54209675e-02,
        5.66729121e-02, -7.91431144e-02,  1.63007855e-01,  3.51878144e-02]), array([-0.21432599,  0.08756198,  0.0753969 , -0.03203282, -0.05613659,
       -0.08382493,  0.04410222, -0.14778402,  0.11098816, -0.00558065,
        0.26835603,  0.00229133, -0.18627839, -0.20767955,  0.00892256,
        0.08348551, -0.16023701, -0.14937702, -0.03142245, -0.06593653,
        0.106031  ,  0.00866735,  0.1133761 ,  0.12271728, -0.2187098 ,
       -0.3167825 , -0.05673839, -0.13432302,  0.05406284, -0.03295679,
        0.0115053 ,  0.02065254, -0.25092551, -0.06140544, -0.00324013,
        0.10561984,  0.02234728, -0.00939132,  0.15692766, -0.00512961,
       -0.17739505, -0.06855781,  0.04924816,  0.29442775,  0.15698516,
        0.01808721,  0.05513722,  0.00799035,  0.06402928, -0.18491055,
        0.02742545,  0.12596785,  0.11450437, -0.05168111,  0.0785647 ,
       -0.15875028,  0.03194444,  0.09807388, -0.19911197,  0.0579271 ,
        0.02918343, -0.04604974,  0.00734753, -0.00158277,  0.23669554,
        0.07397106, -0.10423393, -0.09500881,  0.14359877, -0.132542  ,
       -0.00955495,  0.10127885, -0.14090538, -0.15836301, -0.30227798,
        0.02419409,  0.44659624,  0.09590694, -0.1659842 ,  0.0404623 ,
       -0.13181673,  0.04047678,  0.05563067,  0.03509187, -0.132615  ,
        0.11357816, -0.20497863,  0.04544607,  0.13833115,  0.03304619,
       -0.02447997,  0.23191899,  0.02152318, -0.00898714,  0.08806843,
       -0.01851106, -0.11855518,  0.02739271, -0.09631941, -0.00222655,
        0.00870126, -0.09929483,  0.06335877,  0.08748824, -0.1853904 ,
        0.0652348 ,  0.0136657 , -0.01700348, -0.06915693,  0.0379767 ,
       -0.13374645, -0.07499588,  0.05569954, -0.25333476,  0.16926257,
        0.17546968,  0.03016435,  0.15232222,  0.07173344,  0.03207305,
       -0.0328941 ,  0.03002492, -0.03847653, -0.02391368,  0.0589489 ,
       -0.12883233,  0.13943598,  0.02084053]), array([-2.00350225e-01,  1.00326143e-01,  5.08795083e-02, -2.64782161e-02,
       -2.52584908e-02, -8.13029632e-02,  4.66746502e-02, -1.57683924e-01,
        1.32533878e-01, -2.45113224e-02,  2.70655245e-01, -2.23859474e-02,
       -2.24598020e-01, -1.98008284e-01,  4.93578333e-03,  8.33326727e-02,
       -1.91302866e-01, -1.72732756e-01, -6.16833642e-02, -5.76595291e-02,
        1.14684664e-01, -1.57933328e-02,  1.12956159e-01,  9.28239226e-02,
       -2.49946132e-01, -3.32501441e-01, -6.61680102e-02, -1.26792699e-01,
        5.16937375e-02, -3.77250500e-02, -6.62850309e-03,  1.90231344e-03,
       -2.55173653e-01, -6.63237274e-02, -2.30318587e-03,  1.00152083e-01,
        5.12737371e-02, -1.79739576e-02,  1.84783950e-01, -4.15206961e-02,
       -1.66916460e-01, -6.85955063e-02,  7.58625567e-02,  2.88995177e-01,
        1.47938773e-01,  6.22153748e-05,  5.13617620e-02, -1.96149573e-04,
        7.12735653e-02, -2.01482236e-01,  5.29766306e-02,  1.11383915e-01,
        1.29785433e-01, -3.17732543e-02,  1.18881211e-01, -1.51847526e-01,
        1.95555650e-02,  1.37543499e-01, -1.82610855e-01,  6.16232604e-02,
        4.82474118e-02, -3.85907553e-02,  6.46442920e-03, -2.04099789e-02,
        2.36246705e-01,  7.53734633e-02, -1.04627945e-01, -1.03103198e-01,
        1.24389067e-01, -1.30824313e-01, -5.37478831e-04,  7.02440515e-02,
       -1.09543771e-01, -1.45428523e-01, -3.26670915e-01,  2.04975009e-02,
        4.57700342e-01,  1.02890380e-01, -1.88962579e-01,  5.39110973e-02,
       -1.14108764e-01,  4.58554178e-03,  6.81281313e-02,  7.32609630e-03,
       -1.56574056e-01,  1.31174564e-01, -2.32886583e-01,  6.06520995e-02,
        1.61207497e-01,  4.57438380e-02, -1.15915732e-02,  2.10926875e-01,
        6.38496131e-03, -2.12081913e-02,  1.05537727e-01, -1.72769483e-02,
       -1.59006387e-01,  9.68425721e-03, -1.04161128e-01,  1.49533758e-02,
        1.75134167e-02, -1.10884316e-01,  3.93559970e-02,  9.43920687e-02,
       -1.61888868e-01,  4.98913378e-02, -3.12613091e-03, -3.55584249e-02,
       -7.11339042e-02,  4.58057411e-02, -1.24072231e-01, -8.32250938e-02,
        4.81497645e-02, -2.65154660e-01,  1.29646555e-01,  1.45101652e-01,
        5.29245334e-03,  1.58535510e-01,  5.13517186e-02,  5.33480868e-02,
       -4.24042493e-02,  8.36388171e-02, -5.91161475e-02, -4.23358642e-02,
        5.59825376e-02, -1.05144501e-01,  1.60933077e-01,  2.60232463e-02]), array([-0.16780531,  0.12873946,  0.07742625, -0.02493697, -0.0253365 ,
       -0.04983022,  0.02245025, -0.14635177,  0.15573189, -0.01923608,
        0.24746878, -0.01431071, -0.22523545, -0.20076208,  0.00342374,
        0.11892582, -0.21615101, -0.1744719 , -0.06063799, -0.06329466,
        0.04366896,  0.02459152,  0.13605045,  0.09205884, -0.22625794,
       -0.37925273, -0.05743785, -0.13632423,  0.04391318, -0.05059649,
       -0.01618697,  0.01715764, -0.23210856, -0.0633788 , -0.01926452,
        0.06723559,  0.07707629, -0.01676178,  0.22980013,  0.00516452,
       -0.15883785, -0.04638559,  0.04290378,  0.31491873,  0.15416868,
       -0.0057818 ,  0.04383035, -0.00810165,  0.0882732 , -0.17862189,
        0.09405591,  0.12151536,  0.07533402, -0.01984577,  0.09605028,
       -0.12467603, -0.02704098,  0.14671628, -0.2007795 ,  0.05817267,
        0.01936736, -0.02065133,  0.00735624, -0.03462404,  0.24373794,
        0.10055321, -0.07220839, -0.09760086,  0.14487548, -0.10461567,
       -0.01413037,  0.0316122 , -0.12419041, -0.10360629, -0.32999358,
        0.0404037 ,  0.40678683,  0.07744563, -0.19972378,  0.0254771 ,
       -0.09768416, -0.04323627,  0.04691623,  0.02402646, -0.16363892,
        0.12664682, -0.16144988,  0.08220367,  0.15481387,  0.07529472,
       -0.03224676,  0.24284276,  0.00330032, -0.02824632,  0.12641574,
       -0.00279663, -0.13240615,  0.00644258, -0.14674544, -0.00170359,
        0.06409058, -0.09399883,  0.05146473,  0.10286412, -0.18481469,
        0.05811924,  0.01366617, -0.04933412, -0.03532217,  0.06445534,
       -0.12125606, -0.09488291,  0.11732472, -0.2235015 ,  0.15880322,
        0.13007225,  0.01337895,  0.15863343,  0.0263877 ,  0.0646304 ,
       -0.0660902 ,  0.05962342, -0.03939583, -0.03079395,  0.10233865,
       -0.07252068,  0.17981362,  0.06517263]), array([-0.18154977,  0.11998366,  0.06385757, -0.03017052, -0.02686958,
       -0.02105957,  0.0266421 , -0.16025871,  0.16688184, -0.044715  ,
        0.26563826, -0.04530488, -0.22452153, -0.20204087, -0.00435816,
        0.1221738 , -0.19261977, -0.1955612 , -0.0664994 , -0.07582752,
        0.04887614, -0.00136452,  0.09106515,  0.09817021, -0.22585072,
       -0.37187093, -0.06434283, -0.15160799,  0.02837501, -0.04632972,
       -0.02611829,  0.0260444 , -0.25352585, -0.07008955, -0.02714188,
        0.07655906,  0.07192906,  0.01606718,  0.23535049, -0.01390433,
       -0.15394481, -0.03475043,  0.05501533,  0.30564135,  0.15164156,
        0.00971937,  0.01777909,  0.01447957,  0.11458619, -0.18344986,
        0.10271018,  0.13917354,  0.10519805, -0.00336216,  0.10180282,
       -0.1247474 , -0.03401727,  0.15299138, -0.1867401 ,  0.07226024,
        0.01639191, -0.04786062, -0.00792557, -0.05264983,  0.25289908,
        0.11746344, -0.06279594, -0.12518127,  0.15369074, -0.10388388,
       -0.02083163,  0.03435325, -0.13986224, -0.10010789, -0.33188927,
        0.06504391,  0.42770296,  0.08357397, -0.20842366,  0.0506393 ,
       -0.08707365, -0.04592545,  0.05259711,  0.0105763 , -0.1380707 ,
        0.11767822, -0.15521172,  0.05354036,  0.16288111,  0.07169468,
       -0.02511436,  0.23695712, -0.03055906, -0.01654366,  0.11996219,
       -0.02401365, -0.13278948, -0.00485008, -0.13672794, -0.00988791,
        0.04256482, -0.08819214,  0.04325001,  0.08566242, -0.1816497 ,
        0.06504111, -0.01111412, -0.01118559, -0.0562335 ,  0.0776834 ,
       -0.1192916 , -0.07978836,  0.12209961, -0.23250949,  0.17133179,
        0.10010914, -0.00729365,  0.15198721,  0.04546541,  0.07516243,
       -0.05903011,  0.07997867, -0.07284322, -0.05101486,  0.11881039,
       -0.07312356,  0.1752304 ,  0.07093273]), array([-2.07106113e-01,  1.28357157e-01,  2.44118217e-02, -1.14689022e-02,
       -2.87913643e-02, -4.10154499e-02,  6.01451918e-02, -1.87766865e-01,
        1.81097627e-01, -6.40368834e-02,  2.17560843e-01, -7.59966001e-02,
       -1.94379598e-01, -1.93648368e-01, -1.87049881e-02,  1.16083637e-01,
       -2.23860651e-01, -2.00051382e-01, -6.11035563e-02, -1.04770362e-01,
        5.51934876e-02, -2.26203576e-02,  6.08991235e-02,  8.97617713e-02,
       -2.09566027e-01, -3.77820373e-01, -3.21043618e-02, -1.72906965e-01,
        3.70998681e-02, -4.68550697e-02,  6.86699972e-02,  1.13732547e-01,
       -2.65057981e-01, -2.02510711e-02, -3.27331945e-02,  2.58392803e-02,
        9.29400772e-02,  6.05835468e-02,  2.14410216e-01, -4.70524281e-02,
       -1.54691562e-01, -6.64176792e-02,  5.39342985e-02,  2.85457760e-01,
        1.35716796e-01, -2.64875870e-02,  5.76015562e-04, -3.33486125e-04,
        9.39353406e-02, -1.98844224e-01,  2.86273174e-02,  1.60868734e-01,
        5.57574034e-02,  1.22142211e-03,  7.96535462e-02, -1.14399493e-01,
       -3.09082195e-02,  4.28663231e-02, -1.87743574e-01,  6.36693612e-02,
        3.54468003e-02, -7.42631555e-02, -9.30069387e-02, -1.88478567e-02,
        2.20962405e-01,  1.00533865e-01, -6.89455569e-02, -1.36211962e-01,
        1.47931725e-01, -1.29170433e-01,  2.19908077e-03,  4.09245975e-02,
       -1.21327125e-01, -1.31366298e-01, -3.11246663e-01,  7.38368481e-02,
        4.09786224e-01,  8.52553323e-02, -1.77333817e-01,  7.63920546e-02,
       -1.04741253e-01, -1.01900771e-02,  6.38187677e-02,  2.63512172e-02,
       -1.29207283e-01,  7.44675994e-02, -1.05364084e-01,  9.87259671e-02,
        1.15611732e-01,  3.99976820e-02, -5.87869063e-02,  2.18060121e-01,
       -4.85408232e-02, -3.98206264e-02,  5.30864447e-02, -1.97093319e-02,
       -9.62656438e-02, -1.79338921e-03, -1.27081275e-01, -3.48973367e-03,
        8.90373215e-02, -2.86986083e-02,  3.19730267e-02,  8.52053761e-02,
       -1.59789532e-01,  6.74028248e-02, -8.37478880e-03, -2.59342864e-02,
       -4.65935394e-02,  6.63890019e-02, -1.22295149e-01, -6.41173497e-02,
        8.49966928e-02, -2.23921746e-01,  2.16902271e-01,  1.08222693e-01,
       -2.12751105e-02,  1.64199084e-01,  3.44894379e-02,  4.50717285e-02,
       -1.61684658e-02,  6.60393238e-02, -3.95970717e-02, -6.22290634e-02,
        1.31902903e-01, -4.22331356e-02,  7.90733695e-02, -1.19635649e-03]), array([-1.89644992e-01,  8.25181529e-02,  3.48803289e-02, -4.64416705e-02,
       -4.64915931e-02, -1.12230383e-01,  2.86833234e-02, -1.75441056e-01,
        1.68973237e-01, -6.28352240e-02,  2.41141528e-01,  2.31450573e-02,
       -1.64059326e-01, -1.77434608e-01,  5.50989062e-05,  7.92655125e-02,
       -1.72299311e-01, -1.52872205e-01, -5.27962968e-02, -6.58514276e-02,
        1.35517046e-01, -1.09664900e-02,  1.44588739e-01,  9.33123380e-02,
       -2.30957896e-01, -3.10828328e-01, -5.92756160e-02, -9.67555493e-02,
        2.89141573e-02,  1.92476325e-02, -1.38328420e-02,  6.82014674e-02,
       -2.49306932e-01, -3.93765569e-02, -2.01876834e-02,  9.34605971e-02,
        3.34570259e-02, -1.17131118e-02,  2.08660796e-01, -3.39352041e-02,
       -1.97889715e-01, -6.91311806e-02,  4.65239286e-02,  2.75263876e-01,
        2.08494902e-01, -5.89300692e-02,  2.99334135e-02,  2.03783903e-03,
        9.94121134e-02, -1.87027454e-01,  1.60443597e-02,  1.24860190e-01,
        9.65303108e-02, -3.37448418e-02,  9.69657600e-02, -1.16562851e-01,
        3.48526463e-02,  1.19055420e-01, -1.73803777e-01,  2.74892226e-02,
        1.05616413e-02, -1.12643227e-01, -5.58055472e-03, -2.98102386e-02,
        2.45289519e-01,  7.40744472e-02, -1.07353166e-01, -9.58754495e-02,
        1.29267052e-01, -1.10246137e-01,  2.74350401e-04,  8.98769572e-02,
       -1.59882665e-01, -1.72424480e-01, -3.30691487e-01,  1.85706019e-02,
        4.17478889e-01,  9.33165029e-02, -1.69521689e-01,  7.75414258e-02,
       -1.13672167e-01,  5.25862118e-03,  7.21897408e-02,  4.11181934e-02,
       -1.26511544e-01,  1.16713837e-01, -2.14597210e-01,  7.15989769e-02,
        1.78440019e-01,  2.59485003e-03, -5.44607267e-02,  2.69829303e-01,
        1.41990064e-02, -7.10871397e-03,  7.76820555e-02,  1.19623886e-02,
       -1.13751866e-01,  1.40279084e-02, -1.41550303e-01,  2.48648524e-02,
        5.78789487e-02, -1.17879450e-01,  3.14225480e-02,  9.89888012e-02,
       -1.72811225e-01,  2.35397667e-02, -2.31022900e-03,  5.13039529e-04,
       -6.08669259e-02, -7.97189772e-03, -1.47207037e-01, -9.90790054e-02,
        3.49737406e-02, -2.34298900e-01,  1.47084743e-01,  1.41701579e-01,
        4.18093652e-02,  1.72886148e-01,  5.55270612e-02,  1.67268813e-02,
       -3.40355039e-02,  4.61632684e-02, -3.57098840e-02, -2.64386856e-03,
        9.26164538e-02, -5.76659888e-02,  1.46247789e-01,  4.81617153e-02]), array([-2.05596298e-01,  9.84189734e-02,  8.47224444e-02, -4.70239073e-02,
       -2.70171873e-02, -7.65041187e-02,  8.70318990e-03, -1.57516539e-01,
        1.46980286e-01, -4.25164998e-02,  2.84069806e-01,  2.96199806e-02,
       -2.13680089e-01, -1.72859132e-01, -2.57935375e-04,  1.01158358e-01,
       -1.71768665e-01, -1.40207738e-01, -4.56298403e-02, -6.48769811e-02,
        1.46372050e-01,  5.18802786e-03,  1.34577155e-01,  6.66089281e-02,
       -2.21834213e-01, -3.29254717e-01, -5.60815893e-02, -1.04590587e-01,
        2.80637294e-03, -1.46581754e-02,  9.98006668e-03,  4.56623770e-02,
       -2.45675832e-01, -5.88913411e-02, -7.28528481e-03,  6.91529512e-02,
        9.68049001e-03,  5.36711980e-03,  2.18643859e-01, -3.50222662e-02,
       -1.68773904e-01, -5.93624078e-02,  6.02542758e-02,  2.53959090e-01,
        1.33527741e-01, -5.44788083e-03,  4.95041199e-02, -3.32059115e-02,
        5.06205112e-02, -1.77306175e-01,  3.58278304e-03,  1.53294533e-01,
        8.07471126e-02, -1.35831814e-02,  1.06449030e-01, -1.26694396e-01,
        5.24076521e-02,  9.70559791e-02, -1.80623055e-01,  4.18823883e-02,
        3.03467661e-02, -1.21468633e-01,  1.98863447e-04, -3.41110080e-02,
        2.33380750e-01,  4.04967666e-02, -9.37610194e-02, -7.64415339e-02,
        1.21087641e-01, -5.60098663e-02, -8.67917482e-03,  8.95758644e-02,
       -1.42863631e-01, -1.85723335e-01, -2.99773723e-01,  7.35146180e-03,
        4.08189744e-01,  1.01332895e-01, -1.80317864e-01,  9.26826075e-02,
       -1.17052369e-01, -1.55232502e-02,  6.20599948e-02,  3.12792249e-02,
       -1.21470369e-01,  1.36144817e-01, -1.80325180e-01,  8.13909397e-02,
        1.35409340e-01,  2.15590261e-02, -1.08912149e-02,  2.62438983e-01,
        2.40484308e-02,  1.11490907e-02,  1.02704503e-01,  2.09470931e-03,
       -1.24799125e-01, -1.31508568e-03, -1.36576384e-01,  1.44697912e-03,
        2.80263238e-02, -1.01984523e-01,  6.04363047e-02,  6.52313232e-02,
       -1.61541373e-01,  3.96884605e-02, -2.40439083e-04, -2.09877230e-02,
       -7.82369450e-02,  2.30819471e-02, -1.15327179e-01, -8.68589208e-02,
        3.80630605e-02, -2.43446261e-01,  1.52673990e-01,  1.54450357e-01,
        1.07817361e-02,  1.71464890e-01,  7.26927817e-02,  4.63757589e-02,
       -6.74192086e-02,  3.82255539e-02, -5.45183681e-02, -2.16901992e-02,
        9.33854282e-02, -5.46140186e-02,  1.73821554e-01,  3.34345587e-02]), array([-2.05851644e-01,  9.39906314e-02,  7.58189708e-02, -4.25220504e-02,
       -2.60355920e-02, -1.37382865e-01,  1.90157108e-02, -1.37646392e-01,
        1.18795134e-01, -3.27605419e-02,  2.91084290e-01, -7.70234242e-02,
       -2.03782514e-01, -1.88792363e-01,  2.60726400e-02,  1.28336325e-01,
       -1.68285176e-01, -1.37827769e-01, -4.66390029e-02, -9.75587144e-02,
        6.62142411e-02,  6.56662975e-04,  1.12173311e-01,  1.32889330e-01,
       -1.91832349e-01, -3.56219232e-01, -7.22714588e-02, -1.52952820e-01,
       -1.63483210e-02, -6.38726652e-02,  1.00464020e-02,  7.78573602e-02,
       -2.13256314e-01, -4.90546040e-02, -5.30124549e-03,  8.75437334e-02,
        7.40108192e-02, -2.84060463e-02,  2.29111940e-01, -4.54380829e-03,
       -1.57096773e-01, -9.37156528e-02,  1.66281182e-02,  3.05035442e-01,
        1.30870998e-01, -6.89458027e-02,  5.57448491e-02, -8.71540979e-05,
        8.76433253e-02, -1.90588057e-01,  7.55794905e-03,  1.31606132e-01,
        6.11017011e-02, -2.56214328e-02,  5.80947064e-02, -9.45253223e-02,
        2.44904533e-02,  1.33846715e-01, -2.12706134e-01,  1.82292890e-02,
        6.01142943e-02, -1.05000108e-01, -6.00860268e-02, -7.30965510e-02,
        2.70822465e-01,  9.69035253e-02, -1.26559019e-01, -8.64914656e-02,
        1.25278562e-01, -6.52559474e-02, -7.25350808e-04,  9.54059735e-02,
       -1.53529048e-01, -1.61642224e-01, -2.95332044e-01,  7.72876143e-02,
        4.16844666e-01,  8.05742592e-02, -1.92827269e-01,  4.23468873e-02,
       -1.63056061e-01, -9.17508826e-03,  1.74065605e-02,  1.27359424e-02,
       -1.26738802e-01,  1.42638370e-01, -1.69252351e-01,  9.76609439e-02,
        1.39363080e-01,  3.84261608e-02, -1.95653047e-02,  2.27434024e-01,
       -2.84140818e-02,  1.38884308e-02,  9.14008990e-02, -3.72471288e-04,
       -1.03910133e-01, -1.82169229e-02, -1.13349698e-01,  2.15507429e-02,
        6.54871166e-02, -1.39233127e-01,  1.81544591e-02,  5.49070537e-02,
       -2.12909669e-01,  8.73014033e-02,  1.55137246e-03, -5.41630983e-02,
       -8.40534046e-02,  8.89123511e-03, -1.05545014e-01, -2.82515064e-02,
        1.08263619e-01, -2.51068175e-01,  1.42142147e-01,  1.36537641e-01,
        5.93177974e-02,  1.90271303e-01,  3.05964407e-02,  4.18951437e-02,
       -9.97150242e-02, -1.25219617e-02, -5.84304556e-02, -2.25757957e-02,
        1.25293076e-01, -3.14270481e-02,  1.50331855e-01,  1.25255091e-02]), array([-2.08378151e-01,  8.06492567e-02,  6.11729100e-02, -3.02861948e-02,
       -2.22363975e-02, -1.06336817e-01,  2.58851796e-02, -1.59853280e-01,
        1.44753799e-01, -6.28452897e-02,  2.92034149e-01, -3.93347032e-02,
       -1.85517326e-01, -2.12212563e-01,  2.68791057e-02,  1.11872844e-01,
       -1.57823682e-01, -1.28418088e-01, -5.74900582e-02, -6.42445907e-02,
        1.29970849e-01,  4.91328072e-03,  1.31907627e-01,  1.05372094e-01,
       -2.06403762e-01, -3.36813897e-01, -7.10076019e-02, -1.11378804e-01,
        4.50365879e-02, -4.12674882e-02, -1.06356181e-02,  4.16175090e-02,
       -2.28247941e-01, -5.09921685e-02, -8.57989024e-03,  8.37273598e-02,
        5.81232905e-02, -2.49795057e-03,  1.95297033e-01, -2.46277899e-02,
       -1.58177674e-01, -8.26288164e-02,  2.10347082e-02,  2.65086293e-01,
        1.43131241e-01,  7.99187273e-03,  4.11187112e-02, -1.57775432e-02,
        7.54753798e-02, -1.80606723e-01, -3.28988209e-03,  1.31060541e-01,
        7.10212812e-02, -4.40925360e-02,  1.06426731e-01, -1.07992977e-01,
        2.64538750e-02,  8.39429051e-02, -1.91291213e-01,  2.02286839e-02,
        4.00583223e-02, -7.47654513e-02, -2.14162786e-02, -6.27156794e-02,
        2.39138827e-01,  4.58053946e-02, -1.13443740e-01, -7.45548904e-02,
        1.27803117e-01, -9.15471390e-02, -2.93713063e-04,  6.94306865e-02,
       -1.47634804e-01, -1.63813218e-01, -3.25835705e-01,  1.83359645e-02,
        4.18324649e-01,  9.80312228e-02, -1.73864260e-01,  7.09599331e-02,
       -1.13689281e-01,  4.40506171e-03,  4.40994352e-02,  8.64871778e-03,
       -1.22349404e-01,  1.24392591e-01, -1.79324314e-01,  7.57947043e-02,
        1.28558964e-01,  1.43157225e-02, -5.40558156e-03,  2.26726562e-01,
       -1.08384192e-02,  8.02408997e-03,  7.12407455e-02, -1.42646478e-02,
       -1.12089470e-01, -9.51124355e-04, -9.74544287e-02,  3.68118398e-02,
        3.79380211e-02, -1.09968141e-01,  5.48097864e-02,  6.67071491e-02,
       -1.82685196e-01,  7.25916922e-02, -2.85693584e-03, -3.92820463e-02,
       -7.98602924e-02,  3.56809758e-02, -1.52172059e-01, -5.15472665e-02,
        4.89003584e-02, -2.49287173e-01,  1.52030572e-01,  1.61406189e-01,
        3.89633812e-02,  1.69251069e-01,  4.29205969e-02,  5.89820147e-02,
       -7.02384189e-02,  6.27334192e-02, -4.05216850e-02, -5.59915379e-02,
        8.12039152e-02, -7.50695318e-02,  1.49593070e-01,  2.45404691e-02]), array([-0.17840777,  0.07316047,  0.08475431, -0.04394267, -0.05115496,
       -0.11408314,  0.02769589, -0.16107735,  0.14540832, -0.06563036,
        0.27886483, -0.01773002, -0.22509179, -0.19034664,  0.02231667,
        0.12154156, -0.1606921 , -0.13972978, -0.05799757, -0.08754214,
        0.10949972,  0.01911181,  0.15160188,  0.10260455, -0.20743772,
       -0.3613103 , -0.06060628, -0.12500735, -0.01247356, -0.0301525 ,
       -0.0084428 ,  0.06676948, -0.21930821, -0.0541179 ,  0.00061769,
        0.09200692,  0.0313796 , -0.031459  ,  0.20536807, -0.00908892,
       -0.14434502, -0.07332362,  0.03360493,  0.26699454,  0.14237681,
       -0.02755769,  0.06139173, -0.02753647,  0.08809743, -0.2024239 ,
       -0.00735017,  0.13993952,  0.06602198, -0.03111632,  0.10229852,
       -0.09706325,  0.05293845,  0.09828524, -0.22986503,  0.00520254,
        0.03823593, -0.08949128, -0.03649451, -0.05106989,  0.2559723 ,
        0.07694054, -0.10507429, -0.05147042,  0.13259591, -0.08539763,
       -0.01660724,  0.03862699, -0.17338601, -0.1630249 , -0.29588193,
        0.0153665 ,  0.4203333 ,  0.09413713, -0.16634123,  0.07716642,
       -0.13402197,  0.00241336,  0.02137707,  0.00600509, -0.12905779,
        0.12729992, -0.17161219,  0.11643297,  0.12203298,  0.00087537,
       -0.00121471,  0.250577  ,  0.0143237 ,  0.01186189,  0.10687553,
       -0.02002206, -0.12020401, -0.0024105 , -0.13447493,  0.02744922,
        0.03698894, -0.12173735,  0.06315844,  0.04331264, -0.19837211,
        0.06183689, -0.0043739 , -0.06483912, -0.07007876,  0.00281031,
       -0.13757814, -0.06434173,  0.05739059, -0.2406798 ,  0.15201385,
        0.15718746,  0.04061909,  0.18982399,  0.02102339,  0.03986239,
       -0.08027917,  0.02511866, -0.03974029, -0.03673272,  0.10165647,
       -0.04243712,  0.14608891,  0.02776464])]